0S,0C
10423722 2188
3128 1
3117 1
5842 1
3116 1
3024 1
3143 1
2987 1
3037 1
3032 1
3034 1
3022 1
3029 1
3103 1
2958 1
2951 1
3047 1
3183 1
2908 1
3175 1
2929 1
3019 1
3092 1
2906 1
2947 1
2826 1
3147 1
2915 1
2971 1
3064 1
2936 1
5675 1
3036 1
3169 1
3025 1
3084 1
2876 1
3036 1
3024 1
3022 1
2982 1
2944 1
3032 1
2866 1
2948 1
3068 1
2982 1
2994 1
3065 1
3074 1
2983 1
3055 1
2957 1
2832 1
3056 1
2995 1
6018 1
2946 1
3166 1
3135 1
3119 1
3022 1
3053 1
3013 1
3102 1
3043 1
3149 1
5826 1
2962 1
6016 1
3172 1
3566 1
3046 1
2937 1
3146 1
2969 1
3065 1
2971 1
3039 1
3356 1
3320 1
3470 1
3055 1
2833 1
2899 1
2996 1
2988 1
5928 1
5920 1
5931 1
5779 1
5944 1
5982 1
5810 1
5870 1
5951 1
5860 1
5881 1
5945 1
5842 1
5948 1
5769 1
5710 1
5893 1
5882 1
5763 1
5931 1
5871 1
5881 1
5764 1
5999 1
5867 1
5962 1
5969 1
5997 1
5961 1
6113 1
5913 1
5944 1
5991 1
5849 1
5820 1
5845 1
6034 1
5989 1
5729 1
5921 1
5931 1
2929 1
5906 1
5969 1
5883 1
5928 1
5876 1
5886 1
5807 1
6038 1
3004 1
2906 1
2977 1
2999 1
5943 1
2999 1
5970 1
5854 1
5844 1
5807 1
5683 1
5876 1
5936 1
5942 1
2908 1
2982 1
5694 1
5806 1
3046 1
5965 1
3104 1
3018 1
2996 1
2876 1
2917 1
3006 1
2939 1
5589 1
2909 1
5915 1
3197 1
2996 1
5871 1
2953 1
5854 1
5763 1
2934 1
2940 1
5797 1
3017 1
3234 1
5881 1
5875 1
3422 1
3009 1
3478 1
3742 1
5751 1
2918 1
3071 1
2970 1
5765 1
4486 1
4120 1
3379 1
5774 1
5902 1
5866 1
5936 1
2891 1
5820 1
3209 1
6070 1
5975 1
5967 1
3036 1
5883 1
7162 1
6051 1
5819 1
3105 1
5878 1
5818 1
5789 1
5834 1
3181 1
3164 1
5888 1
6033 1
2865 1
5937 1
5943 1
3143 1
3095 1
5771 1
5885 1
3055 1
2901 1
3018 1
3156 1
5907 1
3270 1
3101 1
5779 1
5960 1
3187 1
3095 1
2902 1
3055 1
3160 1
3041 1
5685 1
5916 1
6100 1
5897 1
5944 1
5767 1
3009 1
2862 1
2821 1
3045 1
5998 1
3060 1
5932 1
2942 1
